0	2300.000000
1	2275.978027
2	2251.967773
3	2227.981689
4	2204.031494
5	2180.129150
6	2156.286621
7	2132.516113
8	2108.829102
9	2085.238037
10	2061.754883
11	2038.391235
12	2015.159302
13	1992.071045
14	1969.138550
15	1946.373535
16	1923.788208
17	1901.394287
18	1879.203979
19	1857.229248
20	1835.481934
21	1813.973999
22	1792.717651
23	1771.724487
24	1751.006836
25	1730.576416
26	1710.445435
27	1690.625610
28	1671.129150
29	1651.967773
30	1633.153687
31	1614.698730
32	1596.614990
33	1578.914307
34	1561.608765
35	1544.710205
36	1528.230713
37	1512.182251
38	1496.576660
39	1481.426147
40	1466.742432
41	1452.537720
42	1438.823853
43	1425.612793
44	1412.916504
45	1400.747070
46	1389.116455
47	1378.036377
48	1367.519165
49	1357.576538
50	1348.220581
51	1339.463257
52	1331.316528
53	1323.792358
54	1316.902588
55	1310.659546
56	1305.074829
57	1300.160645
58	1295.928833
59	1292.391357
60	1289.560303
61	1287.447632
62	1286.065308
63	1285.425171
64	1285.539307
65	1286.419678
66	1288.078247
67	1290.526978
68	1293.777954
69	1297.843018
70	1302.734131
71	1308.463257
72	1315.042480
73	1322.483643
74	1330.798828
75	1340.000000
76	1350.089233
77	1361.028931
78	1372.772095
79	1385.270996
80	1398.478638
81	1412.347534
82	1426.830322
83	1441.879883
84	1457.448608
85	1473.489380
86	1489.954712
87	1506.797363
88	1523.970093
89	1541.425293
90	1559.115967
91	1576.994629
92	1595.013916
93	1613.126587
94	1631.285156
95	1649.442505
96	1667.551270
97	1685.563965
98	1703.433350
99	1721.112061
100	1738.552856
101	1755.708374
102	1772.531250
103	1788.974243
104	1804.989868
105	1820.531006
106	1835.550171
107	1850.000000
108	1863.842773
109	1877.078857
110	1889.718018
111	1901.770020
112	1913.244629
113	1924.151978
114	1934.501587
115	1944.303467
116	1953.567261
117	1962.302979
118	1970.520386
119	1978.229370
120	1985.439575
121	1992.161011
122	1998.403442
123	2004.176636
124	2009.490601
125	2014.354858
126	2018.779541
127	2022.774414
128	2026.349121
129	2029.513672
130	2032.277710
131	2034.651367
132	2036.644165
133	2038.266113
134	2039.526978
135	2040.436646
136	2041.004761
137	2041.241333
138	2041.156128
139	2040.759033
140	2040.059814
141	2039.068237
142	2037.794312
143	2036.247681
144	2034.438232
145	2032.375854
146	2030.070312
147	2027.531372
148	2024.769043
149	2021.792969
150	2018.613037
151	2015.239136
152	2011.681152
153	2007.948608
154	2004.051636
155	2000.000000
156	1995.802368
157	1991.463623
158	1986.987427
159	1982.377319
160	1977.637085
161	1972.770508
162	1967.781006
163	1962.672607
164	1957.448730
165	1952.113281
166	1946.669800
167	1941.121948
168	1935.473511
169	1929.728149
170	1923.889526
171	1917.961426
172	1911.947388
173	1905.851196
174	1899.676392
175	1893.426880
176	1887.106323
177	1880.718262
178	1874.266479
179	1867.754639
180	1861.186401
181	1854.565552
182	1847.895752
183	1841.180542
184	1834.423706
185	1827.629028
186	1820.800171
187	1813.940674
188	1807.054321
189	1800.144775
190	1793.215820
191	1786.270996
192	1779.314209
193	1772.348877
194	1765.378784
195	1758.407715
196	1751.439331
197	1744.477173
198	1737.525146
199	1730.586792
200	1723.665894
201	1716.765991
202	1709.890869
203	1703.044189
204	1696.229736
205	1689.451050
206	1682.711914
207	1676.016113
208	1669.367065
209	1662.768677
210	1656.224487
211	1649.738403
212	1643.313843
213	1636.954712
214	1630.664551
215	1624.447144
216	1618.306152
217	1612.245239
218	1606.268066
219	1600.378418
220	1594.579956
221	1588.876343
222	1583.271240
223	1577.768311
224	1572.371338
225	1567.083984
226	1561.909912
227	1556.852783
228	1551.916382
229	1547.104370
230	1542.420288
231	1537.867920
232	1533.451050
233	1529.173340
234	1525.038330
235	1521.049805
236	1517.211426
237	1513.526978
238	1510.000000
239	1506.633301
240	1503.425415
241	1500.373901
242	1497.476562
243	1494.730713
244	1492.134155
245	1489.684448
246	1487.379272
247	1485.216064
248	1483.192383
249	1481.306030
250	1479.554565
251	1477.935547
252	1476.446533
253	1475.085083
254	1473.848999
255	1472.735718
256	1471.742920
257	1470.868042
258	1470.108887
259	1469.463013
260	1468.927979
261	1468.501343
262	1468.180786
263	1467.963867
264	1467.848267
265	1467.831421
266	1467.911011
267	1468.084717
268	1468.350098
269	1468.704712
270	1469.146118
271	1469.671997
272	1470.280029
273	1470.967651
274	1471.732544
275	1472.572266
276	1473.484375
277	1474.466675
278	1475.516602
279	1476.631714
280	1477.809814
281	1479.048340
282	1480.344849
283	1481.697021
284	1483.102539
285	1484.558838
286	1486.063721
287	1487.614502
288	1489.209106
289	1490.844849
290	1492.519531
291	1494.230713
292	1495.975952
293	1497.752808
294	1499.558960
295	1501.391968
296	1503.249390
297	1505.129028
298	1507.028198
299	1508.944702
300	1510.876099
301	1512.819946
302	1514.773926
303	1516.735474
304	1518.702393
305	1520.672119
306	1522.642334
307	1524.610596
308	1526.574585
309	1528.531860
310	1530.480103
311	1532.416626
312	1534.339355
313	1536.245728
314	1538.133423
315	1540.000000
316	1541.843750
317	1543.665771
318	1545.468018
319	1547.252197
320	1549.020142
321	1550.773804
322	1552.514771
323	1554.245117
324	1555.966675
325	1557.681030
326	1559.390259
327	1561.096069
328	1562.800293
329	1564.504883
330	1566.211548
331	1567.921997
332	1569.638306
333	1571.362183
334	1573.095581
335	1574.840088
336	1576.597656
337	1578.370239
338	1580.159424
339	1581.967285
340	1583.795532
341	1585.645996
342	1587.520386
343	1589.420776
344	1591.348877
345	1593.306519
346	1595.295532
347	1597.317749
348	1599.374878
349	1601.468994
350	1603.601807
351	1605.775024
352	1607.990723
353	1610.250488
354	1612.556274
355	1614.909912
356	1617.313232
357	1619.768066
358	1622.276245
359	1624.839478
360	1627.459717
361	1630.138794
362	1632.878540
363	1635.680786
364	1638.547241
365	1641.479858
366	1644.480469
367	1647.550903
368	1650.692871
369	1653.908325
370	1657.198975
371	1660.566895
372	1664.013672
373	1667.541138
374	1671.151367
375	1674.845947
376	1678.626709
377	1682.495605
378	1686.454468
379	1690.505005
380	1694.649170
381	1698.888672
382	1703.225464
383	1707.661255
384	1712.197998
385	1716.837524
386	1721.581543
387	1726.431885
388	1731.390503
389	1736.459106
390	1741.639648
391	1746.933838
392	1752.343506
393	1757.870605
394	1763.516968
395	1769.284180
396	1775.174316
397	1781.189209
398	1787.330566
399	1793.600220
400	1800.000000
401	1806.530640
402	1813.188232
403	1819.967407
404	1826.863281
405	1833.870605
406	1840.984253
407	1848.199097
408	1855.510132
409	1862.911987
410	1870.399658
411	1877.968140
412	1885.612061
413	1893.326416
414	1901.106079
415	1908.945801
416	1916.840698
417	1924.785400
418	1932.774902
419	1940.803955
420	1948.867676
421	1956.960571
422	1965.077881
423	1973.214233
424	1981.364502
425	1989.523682
426	1997.686523
427	2005.848022
428	2014.002930
429	2022.146118
430	2030.272583
431	2038.377075
432	2046.454468
433	2054.499756
434	2062.507568
435	2070.472900
436	2078.390625
437	2086.255859
438	2094.062988
439	2101.807129
440	2109.483398
441	2117.086182
442	2124.610596
443	2132.051514
444	2139.403809
445	2146.662354
446	2153.822021
447	2160.877686
448	2167.823975
449	2174.656006
450	2181.368652
451	2187.956787
452	2194.415283
453	2200.738770
454	2206.922363
455	2212.960938
456	2218.849121
457	2224.582275
458	2230.154541
459	2235.561523
460	2240.797607
461	2245.857666
462	2250.737061
463	2255.429932
464	2259.931885
465	2264.237305
466	2268.341064
467	2272.238281
468	2275.923584
469	2279.392090
470	2282.638672
471	2285.657715
472	2288.444580
473	2290.994141
474	2293.301025
475	2295.360107
476	2297.166504
477	2298.714844
478	2300.000000
479	2301.018799
480	2301.774414
481	2302.272705
482	2302.518555
483	2302.517578
484	2302.274902
485	2301.795898
486	2301.085693
487	2300.150146
488	2298.993896
489	2297.622803
490	2296.041992
491	2294.256592
492	2292.272217
493	2290.093994
494	2287.727295
495	2285.177490
496	2282.449951
497	2279.549805
498	2276.482422
499	2273.253174
500	2269.867432
501	2266.330566
502	2262.647705
503	2258.824219
504	2254.865479
505	2250.776611
506	2246.563232
507	2242.230713
508	2237.783936
509	2233.228516
510	2228.569824
511	2223.812988
512	2218.963379
513	2214.026611
514	2209.007568
515	2203.911621
516	2198.744385
517	2193.510986
518	2188.216797
519	2182.867188
520	2177.467285
521	2172.022461
522	2166.538086
523	2161.019531
524	2155.472168
525	2149.901123
526	2144.311768
527	2138.709717
528	2133.099609
529	2127.487549
530	2121.878418
531	2116.277344
532	2110.690186
533	2105.121826
534	2099.577881
535	2094.063477
536	2088.583984
537	2083.144775
538	2077.750977
539	2072.408203
540	2067.121338
541	2061.896240
542	2056.738037
543	2051.651855
544	2046.643066
545	2041.717041
546	2036.879272
547	2032.134766
548	2027.489136
549	2022.947388
550	2018.515137
551	2014.197632
552	2010.000000
553	2005.926636
554	2001.977417
555	1998.150879
556	1994.445923
557	1990.861206
558	1987.395508
559	1984.047485
560	1980.816040
561	1977.699707
562	1974.697388
563	1971.807617
564	1969.029419
565	1966.361206
566	1963.801880
567	1961.350220
568	1959.004883
569	1956.764648
570	1954.628174
571	1952.594238
572	1950.661499
573	1948.828857
574	1947.094971
575	1945.458496
576	1943.918335
577	1942.473022
578	1941.121460
579	1939.862305
580	1938.694214
581	1937.616089
582	1936.626587
583	1935.724365
584	1934.908325
585	1934.177002
586	1933.529297
587	1932.963745
588	1932.479370
589	1932.074707
590	1931.748535
591	1931.499512
592	1931.326538
593	1931.228271
594	1931.203369
595	1931.250610
596	1931.368774
597	1931.556519
598	1931.812622
599	1932.135864
600	1932.524902
601	1932.978516
602	1933.495483
603	1934.074463
604	1934.714111
605	1935.413330
606	1936.170776
607	1936.985229
608	1937.855347
609	1938.779907
610	1939.757690
611	1940.787231
612	1941.867554
613	1942.997192
614	1944.174927
615	1945.399536
616	1946.669678
617	1947.984131
618	1949.341553
619	1950.740845
620	1952.180664
621	1953.659668
622	1955.176758
623	1956.730469
624	1958.319580
625	1959.942993
626	1961.599243
627	1963.287109
628	1965.005371
629	1966.752808
630	1968.528076
631	1970.329956
632	1972.157104
633	1974.008301
634	1975.882324
635	1977.777832
636	1979.693604
637	1981.628418
638	1983.580811
639	1985.549805
640	1987.533936
641	1989.531982
642	1991.542725
643	1993.564819
644	1995.597046
645	1997.638184
646	1999.686890
647	2001.741943
648	2003.802002
649	2005.865845
650	2007.932373
651	0.000000
